1
1
2
1
1
2
1
1
1
2
1
1
1
3
1
1
1
2
1
3
1
1
1
2
1
1
3
1
1
3
2
3
28
2
1
1
1
1
1
1
1
2
1
1
1
2
1
3
2
1
1
1
1
2
1
1
1
2
6
1
1
2
2
2
6
8
1
1
6
7
1
1
1
1
1
1
1
1
3
6
10
1
1
1
3
1
1
1
1
3
2
1
1
3
5
4
2
21
3
8
1
1
1
3
5
2
3
1
9
1
1
1
1
2
1
1
1
4
1
3
19
2
1
1
2611
1
118
2
5
2
2
380
3
5
3
2
14
15
2
1
6
1
1
1
2
7
2
1
14
2
1
3
1
1
7
2
1
1
1
1
7
24
2
31
1
1
9
13
2
1
1
1
3
3
3
1
1
3
2
1
2
1
1
3
9
1
2
1
1
6
1
1
2
1
5
2
1
1
2
2
6
2
21
10
52
5
33
1
1
1
1
4
3
6
1
1
7
1
1
1
1
1
2
4
1
1
2
8
1
1
1
1
1
3
1
1
1
5
3
1
1
1
1
6
1
2
1
1
1
1
3
1
1
2
1
1
6
2
2
1
1
1
8
2
1
1
1
1
12
3
30
3
1
1
1
1
23
3
1
1
2
1
2
4
1
1
2
1
2
1
1
1
3
1
1
3
7
1
1
1
1
1
2
1
1
1
6
2
1
10
1
1
1
3
1
2
1
2
3
1
2
1
1
1
2
1
1
1
6
1
2
1
1
3
2
1
1
1
1
3
2
1
1
1
1
3
2
1
5
2
4
3
1
1
1
1
2
1
1
5
2
1
3
1
1
1
1
2
1
2
1
1
2
1
1
1
1
1
2
1
1
1
49
8
1
1
1
1
4
2
2
5
1
1
2
1
2
1
2
1
1
1
1
1
6
1
2
1
1
1
1
2
5
1
1
1
3
1
2
1
1
3
1
1
1
1
1
1
1
2
9
2
2
2
2
2
3
3
1
6
5
2
2
3
4
6
20
4
2
2
2
3
6
143
3
5
4
5
42
2
1
1
1
1
1
2
1
24
1
2
1
6
1
1
2
1
1
1
4
2
3
3
7
1
1
10
33
1
1
3
2
1
1
1
2
2
1
1
1
1
1
3
1
23
1
1
3
1
2
7
1
3
3
2
1
2
2
1
1
1
1
3
2
2
6
1
2
1
1
1
1
1
3
2
1
1
1
1
1
1
5
69
2
1
1
1
2
1
1
1
1
1
1
14
1
1
1
3
2
51
1
2
1
1
1
2
1
1
1
6
1
1
1
1
1
1
1
1
1
2
1
1
1
1
1
1
1
5
1
1
1
2
22
1
1
1
2
1
3
1
1
1
5
1
139
1
2
2
1
2
1
1
1
33
3
1
1
1
1
3
1
1
1
2
1
7
2
1
1
2
1
5
3
1
1
3
9
1
4
17
1
1
3
8
3
1
1
2
1
1
1
3
1
1
1
2
1
2
1
4
1
1
1
2
1
1
3
1
2
1
2
2
1
1
1
1
1
2
1
1
1
1
1
5
1
3
7
1
1
1
1
1
2
1
1
1
14
1
7
2
2
4
2
1
1
3
1
1
1
2
1
3
1
1
1
1
3
1
1
1
2
1
3
1
2
1
2
1
1
1
1
1
1
1
2
1
3
1
1
3
1
1
1
2
1
1
1
1
1
1
1
1
1
1
2
1
1
1
1
1
1
1
3
2
1
1
3
1
1
1
6
1
3
1
1
3
1
2
1
2
1
1
1
1
2
1
1
1
1
3
10
41
7
1
1
1
3
1
1
3
1
1
2
2
3
1
2
1
1
1
1
3
1
1
1
1
1
1
1
1
3
1
1
3
1
1
1
1
1
2
3
3
1
1
1
1
3
1
2
1
1
1
2
1
1
2
1
1
1
3
1
1
2
1
1
1
2
1
1
1
2
1
1
1
1
1
1
1
1
1
3
2
1
1
3
1
1
2
1
1
1
1
1
1
2
6
2
1
1
1
1
1
1
1
2
1
1
1
1
1
1
4
2
2
1
1
3
1
1
1
5
1
1
1
3
1
1
2
1
1
1
2
1
1
1
8
1
5
5
1
2
2
7
2
1
2
1
1
2
1
5
1
1
2
1
1
2
1
2
1
1
2
1
1
1
2
1
1
1
1
4
2
1
1
6
2
1
1
1
1
2
1
3
1
1
1
1
2
1
1
1
1
1
1
1
6
2
1
1
1
3
3
3
1
2
1
1
1
1
2
1
1
2
1
1
1
1
1
1
3
1
2
1
1
1
1
1
3
2
1
1
1
1
4
