0.0
0.5
0.75
0.0
0.5
0.75
0.5
0.5
0.5
0.75
0.0
0.5
0.5
0.8333333333333333
0.0
0.5
0.5
0.75
0.5
0.6666666666666666
0.0
0.5
0.5
0.75
0.5
0.5
0.8333333333333333
0.5
0.5
0.6666666666666666
0.5
0.8333333333333333
0.857142857142857
0.75
0.0
0.0
0.0
0.0
0.0
0.5
0.5
0.75
0.0
0.0
0.5
0.75
0.5
0.8333333333333333
0.75
0.0
0.0
0.5
0.5
0.75
0.5
0.5
0.5
0.75
0.8333333333333334
0.5
0.5
0.75
0.75
0.75
0.75
0.8125
0.0
0.5
0.8333333333333334
0.8571428571428571
0.0
0.5
0.5
0.5
0.5
0.5
0.5
0.5
0.8333333333333333
0.8333333333333334
0.8500000000000002
0.0
0.0
0.5
0.8333333333333333
0.0
0.0
0.5
0.5
0.8333333333333333
0.75
0.5
0.5
0.8333333333333333
0.8
0.7499999999999999
0.75
0.857142857142857
0.8333333333333333
0.8124999999999999
0.0
0.0
0.5
0.6666666666666666
0.8
0.75
0.8333333333333333
0.5
0.8333333333333333
0.0
0.0
0.0
0.5
0.75
0.0
0.5
0.5
0.75
0.5
0.8333333333333333
0.8421052631578945
0.75
0.5
0.5
0.868058215243203
0.5
0.8559322033898306
0.75
0.7999999999999999
0.75
0.75
0.856578947368421
0.8333333333333333
0.7999999999999999
0.8333333333333333
0.75
0.8571428571428571
0.8333333333333334
0.5
0.5
0.8333333333333334
0.0
0.5
0.5
0.75
0.7857142857142856
0.75
0.5
0.8571428571428571
0.75
0.5
0.8333333333333333
0.0
0.5
0.8571428571428571
0.75
0.0
0.0
0.0
0.5
0.857142857142857
0.8541666666666665
0.75
0.8548387096774193
0.5
0.5
0.8333333333333333
0.846153846153846
0.75
0.0
0.5
0.5
0.8333333333333333
0.8333333333333333
0.6666666666666666
0.0
0.5
0.6666666666666666
0.75
0.5
0.75
0.5
0.5
0.8333333333333333
0.8333333333333333
0.5
0.75
0.0
0.5
0.75
0.0
0.5
0.75
0.5
0.8
0.75
0.5
0.5
0.75
0.75
0.8333333333333334
0.75
0.833333333333333
0.85
0.8557692307692305
0.8
0.8484848484848486
0.5
0.5
0.5
0.5
0.75
0.8333333333333333
0.8333333333333334
0.0
0.5
0.8571428571428571
0.5
0.5
0.5
0.5
0.5
0.75
0.75
0.0
0.5
0.75
0.8125
0.5
0.5
0.5
0.5
0.5
0.6666666666666666
0.0
0.5
0.5
0.7999999999999999
0.8333333333333333
0.5
0.5
0.5
0.5
0.8333333333333334
0.5
0.75
0.5
0.5
0.5
0.5
0.8333333333333333
0.5
0.5
0.75
0.0
0.5
0.8333333333333334
0.75
0.75
0.5
0.5
0.5
0.8125000000000001
0.75
0.5
0.5
0.5
0.5
0.8333333333333331
0.8333333333333333
0.8500000000000003
0.8333333333333333
0.0
0.5
0.5
0.5
0.8478260869565216
0.6666666666666666
0.0
0.5
0.75
0.5
0.75
0.75
0.0
0.5
0.5
0.5
0.75
0.0
0.0
0.5
0.8333333333333333
0.5
0.5
0.8333333333333333
0.8571428571428571
0.0
0.0
0.0
0.5
0.5
0.75
0.5
0.5
0.5
0.8333333333333334
0.75
0.5
0.85
0.5
0.5
0.5
0.8333333333333333
0.5
0.75
0.5
0.75
0.8333333333333333
0.5
0.75
0.0
0.5
0.5
0.75
0.0
0.5
0.5
0.75
0.5
0.75
0.5
0.5
0.6666666666666666
0.5
0.0
0.0
0.5
0.5
0.6666666666666666
0.5
0.0
0.5
0.5
0.5
0.8333333333333333
0.75
0.5
0.7999999999999999
0.75
0.75
0.6666666666666666
0.5
0.5
0.5
0.5
0.5
0.5
0.5
0.7
0.75
0.5
0.6666666666666666
0.5
0.5
0.5
0.5
0.5
0.5
0.5
0.0
0.5
0.75
0.0
0.0
0.0
0.0
0.5
0.75
0.5
0.5
0.5
0.8571428571428571
0.8125
0.0
0.5
0.5
0.5
0.75
0.75
0.75
0.7
0.0
0.5
0.75
0.5
0.75
0.5
0.75
0.0
0.0
0.0
0.5
0.5
0.8333333333333334
0.5
0.5
0.0
0.0
0.5
0.5
0.75
0.7
0.0
0.5
0.5
0.8333333333333333
0.5
0.75
0.0
0.5
0.8333333333333333
0.5
0.5
0.5
0.0
0.0
0.5
0.5
0.75
0.8333333333333335
0.5
0.5
0.5
0.75
0.75
0.6666666666666666
0.8333333333333333
0.5
0.8333333333333334
0.7999999999999999
0.75
0.75
0.8333333333333333
0.75
0.8333333333333334
0.8499999999999996
0.75
0.75
0.75
0.75
0.6666666666666666
0.8333333333333334
0.8566433566433567
0.8333333333333333
0.7
0.75
0.7999999999999999
0.8571428571428568
0.75
0.0
0.0
0.5
0.5
0.5
0.75
0.5
0.8541666666666667
0.5
0.75
0.5
0.8333333333333334
0.0
0.5
0.75
0.0
0.0
0.5
0.75
0.75
0.8333333333333333
0.8333333333333333
0.8571428571428571
0.5
0.5
0.7999999999999999
0.8484848484848486
0.5
0.5
0.8333333333333333
0.75
0.0
0.5
0.5
0.75
0.75
0.0
0.0
0.0
0.5
0.5
0.8333333333333333
0.5
0.8478260869565218
0.0
0.5
0.6666666666666666
0.5
0.75
0.8571428571428571
0.5
0.6666666666666666
0.8333333333333333
0.5
0.5
0.75
0.75
0.0
0.0
0.5
0.5
0.6666666666666666
0.5
0.5
0.8333333333333334
0.5
0.75
0.0
0.0
0.0
0.5
0.5
0.8333333333333333
0.75
0.0
0.0
0.0
0.0
0.0
0.5
0.7999999999999999
0.8550724637681159
0.75
0.5
0.5
0.5
0.75
0.0
0.0
0.0
0.5
0.5
0.5
0.8214285714285713
0.0
0.5
0.5
0.6666666666666666
0.75
0.8431372549019607
0.5
0.75
0.0
0.0
0.5
0.75
0.5
0.5
0.5
0.8333333333333334
0.0
0.5
0.5
0.5
0.5
0.5
0.0
0.0
0.5
0.75
0.0
0.0
0.0
0.0
0.0
0.5
0.5
0.7999999999999999
0.0
0.5
0.5
0.75
0.8409090909090907
0.0
0.5
0.5
0.75
0.5
0.8333333333333333
0.0
0.0
0.5
0.8
0.5
0.8561151079136686
0.5
0.75
0.75
0.5
0.75
0.0
0.5
0.5
0.8484848484848487
0.8333333333333333
0.0
0.5
0.5
0.5
0.8333333333333333
0.5
0.5
0.5
0.75
0.5
0.8571428571428571
0.75
0.0
0.5
0.75
0.5
0.7999999999999999
0.8333333333333333
0.5
0.5
0.8333333333333333
0.8333333333333333
0.5
0.75
0.8529411764705881
0.0
0.5
0.8333333333333333
0.8125
0.6666666666666666
0.5
0.5
0.75
0.0
0.0
0.5
0.6666666666666666
0.0
0.5
0.5
0.5
0.5
0.75
0.5
0.75
0.5
0.5
0.5
0.5
0.5
0.5
0.6666666666666666
0.5
0.5
0.0
0.75
0.75
0.0
0.0
0.5
0.5
0.5
0.75
0.0
0.5
0.5
0.5
0.5
0.7999999999999999
0.5
0.6666666666666666
0.857142857142857
0.0
0.0
0.5
0.5
0.5
0.75
0.5
0.5
0.5
0.8571428571428572
0.5
0.8571428571428571
0.75
0.75
0.75
0.75
0.0
0.5
0.6666666666666666
0.0
0.0
0.5
0.75
0.5
0.8333333333333333
0.0
0.5
0.5
0.5
0.6666666666666666
0.0
0.0
0.5
0.5
0.5
0.6666666666666666
0.5
0.5
0.5
0.75
0.0
0.0
0.0
0.0
0.5
0.5
0.5
0.75
0.5
0.8333333333333333
0.5
0.5
0.8333333333333333
0.0
0.5
0.5
0.75
0.0
0.5
0.5
0.5
0.5
0.5
0.5
0.5
0.5
0.5
0.75
0.5
0.5
0.0
0.5
0.5
0.5
0.5
0.8333333333333333
0.75
0.0
0.5
0.8333333333333333
0.0
0.5
0.5
0.8333333333333334
0.5
0.8333333333333333
0.5
0.5
0.6666666666666666
0.5
0.75
0.5
0.75
0.0
0.0
0.5
0.5
0.75
0.5
0.5
0.5
0.5
0.8333333333333333
0.7999999999999999
0.8414634146341462
0.8571428571428571
0.0
0.0
0.5
0.8333333333333333
0.5
0.5
0.6666666666666666
0.0
0.5
0.75
0.75
0.8333333333333333
0.5
0.75
0.0
0.5
0.5
0.5
0.8333333333333333
0.0
0.0
0.0
0.5
0.5
0.5
0.5
0.5
0.6666666666666666
0.5
0.5
0.6666666666666666
0.5
0.5
0.5
0.5
0.5
0.75
0.8333333333333333
0.8333333333333333
0.0
0.0
0.0
0.5
0.6666666666666666
0.5
0.5
0.0
0.5
0.5
0.5
0.5
0.5
0.75
0.5
0.5
0.5
0.8333333333333333
0.0
0.5
0.75
0.0
0.0
0.5
0.75
0.0
0.5
0.5
0.75
0.0
0.0
0.0
0.0
0.0
0.0
0.0
0.0
0.5
0.8333333333333333
0.75
0.0
0.5
0.8333333333333333
0.0
0.5
0.75
0.0
0.0
0.5
0.5
0.5
0.5
0.75
0.8333333333333334
0.75
0.5
0.5
0.5
0.5
0.5
0.5
0.5
0.75
0.0
0.0
0.0
0.5
0.5
0.5
0.75
0.5
0.75
0.5
0.5
0.8333333333333333
0.5
0.5
0.5
0.7
0.5
0.5
0.5
0.6666666666666666
0.5
0.5
0.5
0.0
0.5
0.5
0.75
0.0
0.0
0.5
0.8124999999999999
0.5
0.7999999999999999
0.7999999999999999
0.5
0.5
0.5
0.8571428571428571
0.5
0.5
0.5
0.0
0.5
0.75
0.5
0.7999999999999999
0.0
0.5
0.5
0.0
0.5
0.5
0.5
0.75
0.5
0.5
0.75
0.0
0.0
0.5
0.75
0.0
0.5
0.5
0.5
0.75
0.75
0.0
0.5
0.8333333333333334
0.5
0.0
0.0
0.5
0.5
0.75
0.5
0.6666666666666666
0.0
0.0
0.5
0.5
0.5
0.5
0.5
0.5
0.0
0.5
0.5
0.5
0.8333333333333334
0.75
0.0
0.0
0.5
0.8333333333333333
0.6666666666666666
0.8333333333333333
0.5
0.5
0.5
0.5
0.5
0.5
0.5
0.0
0.5
0.75
0.5
0.5
0.5
0.5
0.5
0.5
0.6666666666666666
0.5
0.5
0.0
0.0
0.0
0.0
0.5
0.6666666666666666
0.75
0.0
0.0
0.5
0.5
0.75
